candidate=2
items=13699
rendered_lines=13699
bbox=(15734643.789754594, 16011745.513612552, 3295273.0275401603, 3511210.6114335004)
