candidate=1
items=64914
rendered_lines=64914
bbox=(-16065184.388504675, -15611044.388504889, 3222499.6427947152, 3810777.0817523254)
